# x y
794.860334603198 238.9639886637049
773.0867881108754 267.3585618562598
807.8346469045526 226.930592342224
813.5411487864229 283.9442933818612
824.0048905055806 229.8924015291473
777.2139129335701 262.5375960125218
788.5532570276497 284.6658712868294
829.9986813233102 271.50195141319
786.0511642584514 216.6595535659694
749.7902200762584 259.5105825088387
782.47969058218 230.1089236471876
809.9135950917456 264.5241810288672
784.2838030184263 292.2336886771669
773.189176020484 222.526235305919
810.7842573993457 252.2246809450886
754.3293457173793 229.2350008581452
811.5460245970975 239.4998032324012
802.3096244480394 258.6782871418292
770.5652650017282 267.3010121348663
788.6426229825545 285.5355791584194
798.0080234224547 268.1354340376383
774.5218457019641 257.6029398804618
809.2250310082579 274.8750502094298
794.065819580107 251.8682370114016
770.5816716770643 222.6947532104638
802.1797598275242 274.8358874258104
836.4270931273986 262.3656477160462
784.4641653868933 246.7350909224588
809.4266788352878 290.2403669594072
823.1510630429949 265.6807050974282
836.0844322270326 238.5898907279308
797.500489668888 272.6574595507208
794.678508355611 319.7057179017803
812.07122807192 285.2807706285538
866.6569662051054 253.7871039742077
738.2667506342685 260.4992075330666
801.2241205237355 274.6087213888121
783.0055335373644 228.6322673758634
731.9279220761923 219.8206380445872
799.8472771342095 218.4597335744635
786.9729223554305 257.6187880426053
746.1022715353813 238.4888836767388
844.4231046859056 272.5849486255849
804.8844133586374 213.3975682738052
792.6700100050974 264.7789254711614
797.3617842037801 277.1732308947082
777.125787012598 311.9284379592472
807.6351730004452 290.4457146394734
782.3435727683071 234.6089748880367
826.9834153641054 240.4696909870588
933.5055455922305 562.71033555663
965.7521616150393 587.2072963733881
977.5516243824007 596.0219590719431
925.4136377271643 630.4144001247465
1010.883433353691 645.2889666055676
973.4725476055817 619.1639987459425
957.0030102095035 579.4788308819465
959.0562275325373 622.5991833348228
991.7050178469887 614.0828996382659
991.6807937167416 659.095853206942
944.8274494147466 581.3746766956912
1010.265300515549 602.4015926947352
1000.243381134452 626.6829604474506
986.341218318625 607.5500434244259
990.7536762266092 613.0944944066964
945.9467221245038 614.6895884651695
982.1268595860912 635.8476708201005
1006.379293971992 631.6221492823518
934.1584190059161 612.6774407089737
967.7305108242479 585.7231159876447
946.1156558008452 612.857596296121
947.2106148876252 575.9725636611719
949.7765084263507 585.0468602807449
973.7862516629848 653.3551124301815
945.4869942411729 584.2213588537828
991.7264560782334 639.0491504202922
980.9434805525034 606.7530298771859
954.7932578695952 657.1547744803391
950.1813843468967 644.2950152052844
1032.266260413152 591.5173939110249
997.7645633298835 577.2232038699422
968.9083334551585 621.5686879615484
1003.732442828998 614.0105252072082
1018.869124980863 610.5385861794045
950.4112736189394 580.1214595046299
948.4402870704392 643.9119939970568
988.1417290252552 568.9968532766462
992.8459065490127 621.7710874714237
972.3777619941314 589.1745686512841
932.5776581751596 584.2262122239783
956.8913505986607 656.7163987625903
996.0013776412663 595.9511181033625
946.7989983846768 645.5505541784565
1036.882441390771 671.5746108390583
968.7260839339277 613.87256793411
980.487380478267 579.6459725712151
998.6727058562479 622.9280861288788
957.9769613864601 601.7663122443058
987.7495164861396 646.5383018742613
944.0708805261736 629.8004209604588
892.4372388270058 975.3290570443311
945.2894593524213 1003.535365792881
925.5102928364122 1000.535218612465
958.809686968415 1009.182174395468
972.711282186316 958.6291740898288
958.77354369795 985.4925627049704
975.0758725238435 1002.615665528674
917.6668963153396 975.9345386359009
932.8624390632807 935.7204552541717
905.4438986652168 972.1167049320449
921.6698078225244 983.6675199501231
890.3599941506633 978.0124168230566
949.9293925249983 1019.233291946582
941.3897890539424 962.5918352368814
949.6316927843744 969.2643283768391
907.5361248716869 1021.596355302921
951.1578675562251 971.2675276165585
886.1418227451444 951.0644271061691
922.5438749587245 975.5081087158038
952.6526721849532 959.7891832717626
915.8032970043729 952.6832472915122
911.8360536967233 946.4155566678907
948.1152150025645 1009.132839324815
962.2705058904404 1021.472815641744
951.4172059768296 945.2581874404281
948.5026695875387 961.0082484200201
911.2560205188314 973.8219670907354
899.2673343623201 931.3291175404399
968.8154065316342 996.2864871455823
918.570157391091 994.3635657487945
934.1186137932413 997.2247595996943
928.4633961762601 956.8713203082731
925.2437524160011 1019.743459942559
936.2537037018092 1038.05376645995
940.1715939335538 963.2359524299837
948.9529345228359 1023.5008869277
968.2170110823625 961.0701847428337
971.6205604951293 968.9533752032579
939.432141949167 1035.536489570429
914.1145468949712 1015.868413299702
953.2074501077877 962.8272701598046
930.5040988726846 978.8731254302292
935.0462957311701 939.356325116681
906.9764153973124 984.8508733883612
923.006793192368 942.5502994786229
918.9779692854008 998.0813036575915
907.503264314416 986.1065413380954
909.7539992941778 964.9744758753127
931.9954299140609 993.3052689013099
946.676531810725 967.5269966016236
538.6002136449339 662.0217611813794
550.268404673906 636.543069062894
560.0803400280879 621.7402339127176
610.1918232376736 643.3161701768403
574.4758001270143 625.4960735384584
584.1549929940373 625.2559511988009
595.1579594837496 612.6456434131877
572.1522372752637 667.7967394498421
575.4891890103302 623.4328165318377
541.9082814377923 614.4822866644297
517.499450080502 664.2673746495185
533.6747452380083 643.003119641622
585.5847642246566 649.0290920099799
577.141247403772 611.1407797671056
536.9084532135824 618.1253941917142
523.1936277660323 596.5080558489871
548.4056206069959 668.6712712835406
610.475462675576 654.9646541899602
582.8527391804588 647.3580663287751
538.1410442936793 659.9082005418676
572.5658469432416 629.7954904123178
539.5381065630532 635.8989286368624
558.1519186015631 632.5161525117321
513.824388871759 609.2313733328403
549.324029097646 608.8545028138772
548.9327079212155 616.1837824986708
570.9391280627397 612.8594715156706
529.8066870591698 648.6684249307947
551.3283231711541 657.8439006354211
544.6665522103859 703.6340278051293
589.9263511407528 596.096433149248
610.9381132390848 644.2888401254023
598.4170409623005 632.5993055853638
598.1647767243581 635.1356811162445
574.156039095924 631.5542906689325
598.2396327637458 626.6298780379593
603.6030090453603 642.1825228695351
583.1501773022499 626.1357842761026
532.6192485585159 604.9042332616048
582.5956608293735 636.8076513206612
518.5632981845158 625.1649281607265
572.3211743292595 638.5457588509761
593.0275626972305 653.2863023255719
585.7194106269328 628.9096264202817
561.6366880603845 672.8462481464733
584.4990732801008 656.4817855275608
531.1583118770335 597.9994233656859
564.4872712457354 657.6880975751585
531.9550456627366 634.5058504789513
579.4553185207928 636.6572449220171
249.1133032694991 29.54188234399759
202.1299941141604 61.14700386441326
295.4419710119848 -23.09486249336329
199.6105800259392 8.839099502635682
218.1503063621395 32.37047213667014
255.5487288587328 28.38598400681256
214.7282054317982 7.343407151747068
237.1642226496249 -29.81272537580546
258.1537477286037 2.683062500511529
298.2431372884192 19.4817683331312
278.0063657001605 48.04492456066688
234.9779103531554 32.42620442606551
309.7525092368202 30.76735648135596
253.2250932310771 44.76342659084392
277.8632036926844 30.19752476639346
229.4434547694168 52.26876761222567
236.9819949277371 29.17630991467475
196.8032234566522 -6.027785266645889
271.7309729356733 0.9951895275954392
240.5798518547666 -33.26504891017886
258.8408767835433 14.80414664881842
259.5749792813197 43.73587423599388
254.6876436905008 -54.29079110077568
234.3057651561876 22.97670048431269
234.2762723737783 -1.968412614478655
253.6921130504108 23.97858500468416
254.6641360324412 58.71743337619461
247.0055921929298 34.8382889664779
267.4058667931129 55.8079019472738
282.8446866428789 17.25419636783861
248.0921302299625 -6.301878414276757
234.3991534623716 -19.06307830062265
241.6968473979099 24.49669783854208
216.3391971194623 -5.537973173423268
238.907326412151 25.49445993596208
271.4506183441438 11.59917001075444
264.9051295771052 41.41131189263986
233.7001054504011 1.350961288037462
228.3188618205465 14.6102354522096
234.9403598566855 39.28358763528048
247.7243056361472 22.01781278216293
256.3925578733921 39.09890867712647
246.4701747703846 33.82358280681017
231.6807252863183 47.43462093392567
247.8286345885034 24.61720850186937
264.1418394638446 -6.332107789129143
282.8644196586544 11.0180679713325
246.1447888915855 27.59882612965601
239.391271540629 13.26359702311785
244.3000363024749 30.12521883946453
252.00132670003 366.9522949346803
246.9214954851049 344.440251684216
278.5780399347119 318.1155027832982
235.4169391168356 355.1065872507075
287.2854139278184 351.6584730280548
282.0535184116414 342.1276456946029
251.271667523315 357.488865528331
272.1750015765601 334.0676562484961
255.2068373053012 345.8441032416742
216.948136111823 352.1228207092555
262.8142837788575 369.4853875892177
240.9242109205191 371.6238715216105
257.3653923371216 304.0809240181661
217.8774860672185 345.3638967799698
296.6112624793584 349.5790222294805
243.1110240614298 374.3434841907599
277.9281957890256 349.9150433753796
239.2008059264164 323.2248594125179
284.3303359844737 366.7816304268509
234.9328896099531 358.9648301299302
291.1424552142959 335.1838168954515
313.619191914375 396.1687481174337
208.4316262065889 347.9545086523258
306.1792548901982 364.9014219311091
267.6751226481349 331.7118871250055
238.2301952751765 337.7592861746859
273.9222441676838 338.5005939783295
227.5540374388998 342.9317020045427
238.5798625965415 360.4581656385645
278.9951413433504 373.4277060427322
221.3786337070769 353.7794190911121
245.5031224269284 332.2575826680782
260.2588647118502 305.177089274978
254.9502744328429 386.7661730329223
240.3854187739222 321.5020022482841
258.6981625651164 376.8604979149449
246.1698540584652 330.1809806468122
261.0042823448844 345.2356236279708
276.002665475634 368.1541605680501
246.9874618576698 296.0985053348794
256.841425883447 357.683913460027
245.0284695234278 352.1500541712701
285.4718226432015 380.1031181940577
246.0935349002834 303.4563216147912
258.1420232636381 357.4730885756194
265.5530361194467 310.1138696594862
244.955418591249 315.9215435058828
252.2425878974223 328.0935223831685
267.2747814764148 329.9959209002347
248.9156465425961 345.5299750992868
905.4134546060742 775.2106385021087
887.5426495554409 811.4225731268723
902.913293287465 776.5527898265456
884.0746989660691 798.909117669076
901.4024786082667 742.7812292303025
853.5896993845004 784.6331809879567
870.3712325852296 767.3517790656458
876.546646263057 774.8803620440727
944.0673861004863 748.6993005257929
860.459186711921 743.9311745118666
853.9810492578526 773.8976784269697
874.0622695181527 801.5464541528912
923.5449849675688 824.8692284086167
919.0164020467835 785.5981875370727
913.8424937097132 776.1488800378106
881.728101776564 774.1501649667896
901.553480159138 759.3968199676652
893.5904120312008 738.9340287891935
900.3357467742984 815.2540219779753
868.4280147638004 805.8999744450449
882.0054982842338 778.7878846187812
913.6535479465064 732.0206116755824
863.9715745611888 747.4395859471553
867.9424380013226 794.1640067014557
890.777502631886 777.9376580710799
875.7159521343292 744.271779533595
898.8166723291165 732.3105597053253
876.8352051174438 770.334136011526
854.4382629084153 730.6800100287044
849.2169018211098 768.9268444870557
870.7565204084782 748.301567038432
947.4496256416223 747.986075832555
925.9122802072644 777.8272559801414
885.2841169119181 746.3983597736128
873.1478859947657 748.5300352013313
907.4693208515386 746.3750022210348
881.7889794288189 811.6998063174544
899.5386834190509 812.7518874049895
891.3176082111194 763.6709665618301
904.9131015153861 773.2946830586557
864.6220565637843 769.305725395895
902.1176376460548 777.3268528222329
846.8991408542456 796.0059900230458
884.545567632314 796.7952762251322
892.8509543694109 806.4904478141003
884.1344387559807 717.7397800471203
859.2944869531294 780.8191529001763
863.8722549164092 803.0743288570337
953.7111911464626 741.5294182750417
900.9241907247756 770.7521327917132
504.642860043809 301.4324052474109
441.4032639889172 284.4041640587653
519.2595495859847 339.1698859317773
478.4814985846 326.9084556340305
495.477442730306 296.2297384658337
467.4666016046889 319.417637816618
417.010441399172 304.8648271333658
480.2290633985426 288.4734664849192
495.9967141671321 281.7753006915825
450.6883105821873 332.8823946402594
460.2201102531654 336.2099516709929
467.4139384866774 310.1862738039064
505.0479058277033 302.1356719532889
501.3791283898464 307.6907777387208
482.6106440046992 265.9436149205121
510.8563133742406 327.6760840377421
477.829866726363 351.8935499725075
485.1109343548075 285.655587887876
495.7011588428823 329.3180324899316
511.5731262473228 302.7439368656002
442.6942288447582 279.133861289941
482.6920090750168 308.8288625192766
495.6483714663956 302.5438861253963
493.6097629988008 278.688710958585
471.7911539350534 303.7173433785218
493.3876598158251 317.3907734865957
477.3360324244542 307.0690191022276
484.7584383626004 298.5691603387922
480.3059929391511 264.4520155482406
463.5467752224514 261.7923806763871
463.7123028424375 319.3965152343588
473.3711975623793 269.1680287334623
487.8891767378611 347.756091372728
478.8987161042629 301.7153517415456
492.557717438624 288.1681097836747
476.3164625726141 259.2091320731025
463.253098729163 320.14647941185
453.5796129420576 347.7149355751739
528.1805878098364 315.9206752953535
470.6710989825104 309.9397931169465
498.7548857106383 314.2234420263667
451.2229890174741 297.6821399676838
438.216827178883 312.7219240927365
491.5041869656508 309.4037039082824
472.6983498005778 289.5810533393922
445.4406572712662 338.4014795070264
470.5505127272705 317.4325510829531
480.2752451811629 343.4853064725762
457.565431625649 339.0687853595864
496.0542421930222 278.7016297667113
383.6445449797064 468.8593427269676
422.4002985809041 500.4875527913695
394.2962914171125 457.6183837468271
379.2623519307559 479.9305237984699
372.0526195523086 546.4941767878107
339.2605900342385 504.9479662464149
411.0028607652706 504.5197476128141
393.3124741657115 507.006595295248
416.3935554672277 491.7354766534281
343.5923226082779 510.150434596271
383.1656747534944 482.9513773358128
329.4464345756092 479.2336008379115
412.4370845574207 507.1219470588887
400.4214490860438 487.86418071252
376.7846940687791 536.5396437445914
389.2831466490812 497.6575931106644
414.0623967576593 429.4842243662726
355.8801334093619 438.647901963764
374.8775749912157 467.3383353311411
378.7113009880076 522.227592802197
374.2277859459606 472.0157638125494
381.9305803702449 498.0601002786312
411.4506551430042 459.4800542742525
430.3723998672057 511.3172667098135
378.8040773826506 473.1417133686798
385.221173833819 493.8985077446605
404.5852403534571 467.5917612674207
409.4292655032345 406.4730211658418
421.4531211501122 490.3577279157608
373.2294327158169 509.1733106510017
366.8449507661888 514.0290476446776
402.0045489952221 497.2081493987789
377.0958385235811 489.2950530007813
377.8576933940336 491.6076264767482
379.2790844949168 493.464784416688
358.2702356452896 536.1296588134343
417.7235961953324 452.6897974179335
417.946481845583 484.5849335617856
418.5293440152764 487.022128216745
390.7751069514643 429.0851075606607
371.1525514737329 475.5448866334137
350.3187786983157 495.8564000832549
379.9880022536164 507.8117450036108
403.5375581571936 519.6505680072228
394.2637287723387 440.668969576227
424.0995425784082 443.0141928951681
443.4477710843651 455.2951423182354
455.6468041795902 480.3225189375427
411.8569840563316 494.8075599462463
358.6657851013638 488.0277183638602
900.4912370622385 507.2351890998964
840.4639487981759 504.5233189767913
882.396748435087 485.4330163189843
874.5779446663392 504.4757145781285
857.9550004540913 474.0450124428888
843.8941291578869 522.8882993621855
870.9390360937488 482.4476971240923
871.7324071376344 479.0756395788409
852.5759787282161 476.3115930751157
852.9125315259244 521.3046732469802
867.2663389787735 515.7988465583634
868.8931686569986 487.1334677205078
872.0610748569742 503.0844375187474
901.541941755468 546.6528193301779
905.9595426083623 503.2170207051973
887.5815788168886 467.3093387055542
861.049490619858 484.8619033224625
929.6262822880869 510.69197999514
879.5244537088905 477.1089886578691
909.9012395803204 504.5826760222021
923.6650867970362 514.0198775900793
869.3602942555631 549.2091831437352
853.1492737903205 495.9046630722032
855.5557050466186 510.6999598418715
864.1432056472896 489.4844918324137
833.7552354646148 542.8183242461699
871.0181599488205 523.0165210638553
880.5258754601784 495.3600530898499
866.0252640388126 482.7958602078425
882.1654443944882 539.3152235818023
872.1797373149366 515.6152018348619
916.176271443784 507.7716999664745
897.8273467988471 493.751571322128
822.9567978681196 524.6656659462351
915.4623988214759 489.7235990890398
891.4521955923747 483.4482986690468
882.4197387718367 508.3205826858066
919.1622630685513 493.7878156861032
949.5586078021521 477.8072029716546
881.9277064602376 585.6258128472681
896.0503955047512 524.1091098471265
889.5299330715188 470.3320136892942
837.6830005358552 568.0942851492824
878.6480410808974 484.982446425456
847.4722119045132 505.2128507672028
865.0180638605159 519.1058420957902
874.8532510731669 476.8603690272634
881.2787633622436 546.4314062611263
882.9601643021451 486.9556579455662
883.2710640083484 471.3997386261875
903.6508912824064 744.5392342422577
886.6216801147497 709.0607859121924
812.9982976879397 718.6140854606915
927.4511465240344 740.2733173260149
903.810304221544 693.0078812974205
911.8958469687469 753.0092511381504
855.7258812286134 737.3022305146056
870.8198031116798 722.4198608987882
903.7959454387631 708.5913708119821
854.4374262678162 726.4233449437255
859.2950597431908 712.0179797995595
870.4426777441291 748.2905280055444
835.5040165442751 736.3927287072635
853.2495224361594 757.3967833937066
834.1936489415506 751.6854266042088
876.2069785155946 718.3771381411755
868.9952718751302 759.5090673131873
801.7883005744958 725.9520399010479
895.4094577297943 663.5108217440273
890.9816490846405 750.124797903576
847.2510309570632 725.6307958166446
838.8686304169817 724.6788741612138
828.4463604323238 776.9613493197828
877.1273508418535 755.5749080812091
900.3740158198419 727.8117331232651
874.6052946740583 753.944645502281
851.389384913145 698.0658475601289
834.5173197072792 768.5683421502389
874.879019023572 730.8088318982425
869.4279477158166 694.2775661910813
845.8649942064309 749.2763392898071
817.2339761753491 735.7027393742173
882.9363474923539 719.8572953227321
878.5566160264527 755.6545925788184
875.8059292827468 685.2971919281545
876.7536724668741 716.0852505289309
852.4124949199423 740.1722367222022
858.4519785469737 726.9844661049259
860.1108618880278 745.01408781559
850.9639465547433 780.5401217310765
864.3174635341934 738.7934956545956
873.4027530176627 745.7618166211809
917.5973061381217 736.690355274028
871.2747007608533 760.7404795071565
862.7926067597066 750.0808554616596
888.0781363018486 745.2071068189392
887.8495715286032 733.5423013288963
883.1423839459071 713.6000663204582
883.5044156039647 756.8386975520956
885.2892239994113 770.5121579316212
276.9455974086859 808.5814377657586
257.6931746272788 722.6006743312761
250.9723020858038 754.1877553882513
225.2353673723884 749.7239070567178
280.2404206976379 797.7584275614544
255.3952283727836 779.7496975393021
249.1853389433408 750.296743840382
271.8252305854326 807.7210619260425
254.9089181876951 784.5682269634242
251.85384855832 686.6248421634923
271.8665433799942 710.0370860957904
257.3189113401485 774.2704731453798
277.2882976203828 722.211137024589
240.9987655258208 787.8242912217604
279.6519929545208 811.9146894106267
255.9118571084526 742.5125227949518
260.2281402240625 751.7819049540251
291.2778966197321 745.0956277980786
262.7141963227913 789.058839005934
228.5646977709787 738.0133888326034
277.5268889316512 753.8669223325479
263.9984757511899 699.5719903494734
198.7470890508389 747.9455297037734
277.5268400886621 719.0147241668312
274.8614543561541 776.8416523945717
275.2767192662363 785.2862713940797
295.7039896234513 749.922084947166
329.2494660261832 762.8111083252534
250.6744755557816 723.0360346267635
300.9217867272532 743.6008114884257
263.8229565894836 748.2556392538138
251.4562692828288 808.4596367930405
282.5763203970401 793.0838471015522
292.3859729102347 745.1767924857865
269.5013113639396 782.0027906536814
264.1149237285441 763.6620344790114
247.142052277845 759.6761311515722
279.061068309826 746.4758483492756
264.0797345846338 722.9994374722021
253.6129412457158 769.4178155706041
212.8299693492744 735.4445111431171
267.283544303347 770.1235958253617
248.4461329820915 761.6642188437178
284.3637633542818 720.1902017451735
225.0369079383482 792.5616297473505
229.0496744411234 755.9987521338181
254.1180754812544 799.7331327302164
270.1859248707548 738.3548131880606
277.0432711666289 781.7560442784966
283.1529402366901 774.7570477413125
90.54873168031278 379.7981227553568
122.4782697570284 469.4581026865302
80.62429202808663 455.1972733121971
42.58010367722746 421.480320308479
38.86916879837614 483.0143626390714
57.78243046870958 389.6657104773707
48.86163771823319 418.4602361763411
108.126919041248 449.8089540866155
125.2260272467236 441.3312565591141
90.43018897572198 400.7422105074695
57.61906669797071 409.8630491645534
146.128773370546 435.4145782257378
120.878083475292 419.0835574341573
72.71394699811059 402.7607649159541
102.1473414868559 422.8725789680802
110.6374713501467 443.3486380978269
126.144746777661 421.2394844652226
99.56727326437617 406.9941216720872
61.67703909060334 411.4447367588771
100.4865030183915 463.5905336834876
105.0699712776156 429.2562074107317
46.66545777010953 446.6660374328087
98.0505862322554 374.5078324362544
92.38486513985745 376.6357377931585
34.69753043953956 388.4439955540268
137.1178452456376 390.6270547089527
70.88984614059432 436.8975061638301
95.6142297753284 412.8457205915026
93.09086256373445 358.1713401360439
107.1087122191603 442.4641970459341
77.81231646771172 465.8845532080857
126.2669747942248 424.0159763860295
120.4964733795533 403.5213123704787
87.99968153721426 446.4677241734708
87.59436661852847 393.4662470806056
78.42698096978611 401.8287406044751
87.92554969475559 410.7185447356982
97.4755595771656 428.4126428428017
125.765255066177 413.373124721289
101.3005242531637 458.908000428949
87.51993132208942 390.5520375561726
94.46602968640798 373.6297648950928
64.53324823170686 377.7828009155819
93.63525668239561 415.8041059537975
93.02972748525202 421.0561342965059
95.93987893058879 414.7389468868284
112.0562436301103 424.4827333140536
66.82923368630486 407.1474644609898
87.95810935522421 413.3684702504488
91.49788012712423 446.9268187431865
390.9417056470911 825.5601069042051
380.7149655622344 758.6817356198038
361.2806469834492 784.7556870643785
364.9085324987627 821.3945096563518
369.8890329456351 790.6604775384417
360.9043600035371 735.0599597411257
411.0846012735221 822.8534655277967
422.2824573388289 760.531985120575
401.1402865041478 826.9061545222449
387.6261128762476 798.8691924879146
401.770005464362 796.7471710872596
378.3842737260375 763.076960445298
357.7935279948162 801.2463057678976
418.7401802523362 817.5047921147971
405.0416931374704 747.8782273281581
385.3011608173186 797.9890931018665
349.6614637982955 800.4845521399004
423.0244614844291 784.010101507558
395.9158758768409 728.9471278496607
370.8884386301315 763.7014779779574
393.3311273732342 765.5674688332405
379.0952339971737 774.6877407870891
379.7187066556131 808.2139415447799
412.9436108760758 787.641803142194
396.4050471745025 792.4693071914226
390.9135798325769 803.821909376092
417.9753696103499 737.7925462324185
407.1290917335862 779.5749456256608
385.5406514877027 795.3419438789604
432.698921668125 754.7341651639671
363.5313255778118 787.8371407251005
413.3259946899607 753.8449787903647
370.7726308204046 795.8962661653039
481.3015428912872 775.989436993905
401.5693134257714 787.2228146697178
441.0316656557964 793.4434726105936
398.3941766131181 754.4616008460298
417.5497584896277 781.1464196092842
373.3435930455406 741.1903114155979
382.5234997984321 766.411537320942
351.2481861350715 764.522781282927
395.0616669989955 796.7771514884827
377.8694109374325 765.3694420258147
407.0461216305665 754.9782350203991
368.8536952471513 767.0967485192274
333.7986528374889 811.6984514878768
389.6671995527315 758.6487798803821
384.0566622476456 774.4946567909784
401.6497427587528 763.2995775483927
392.7977999064203 810.202574930734
48.09154670567944 305.4030258244929
14.30965941414802 328.7767884478096
67.77818802996693 269.4260818748081
85.14859680597957 284.6887554292453
69.22147860857712 280.4245872693753
55.06092416624951 306.4523406926306
74.71320944274338 274.1648336753044
56.15219871237215 260.7977730746272
67.22801631121527 277.6850141112684
64.63662666156574 309.1277177682042
21.61458377477016 324.6822572985201
97.43593054587961 273.6809713079188
90.86826589180251 313.4203036542993
44.14190845254581 318.5821602627757
21.8526370915053 343.3539774327869
85.78793872382809 294.1622182119443
70.73380032395343 286.7466602359974
58.41753247514933 284.1461501970871
88.26880310905756 280.8364161744485
39.58911481571095 298.8469763317901
85.7697380824043 316.3371111035655
88.7251707654425 279.5601507786254
105.1538028530883 312.5161657760829
58.73005048384502 310.4545833701593
62.8119325826648 290.8823846479556
47.73905301399501 313.9163502208211
93.03142384410225 316.6721266742909
95.60239567918197 275.1626830265427
94.74053676455162 253.9993242972032
87.9450758183996 335.6185340351785
116.1719029939901 295.4451844844555
20.72232202358031 315.6764579778542
95.9066668231093 254.1978917324165
67.85504287127273 262.5591783019554
-1.973052396718458 301.275831720779
67.68158999977933 297.1007613218825
37.00930011284704 339.2786126272647
-2.396840656006859 330.0190123325928
41.30640485359273 310.6559384201013
68.31120244785166 320.9062962825141
46.79120499844081 302.2969809068901
45.18752272401917 297.2279491608477
29.0757792281565 315.1697724163989
22.24795047724519 307.2366701827414
23.88897316424755 268.7935339320217
66.4607006134291 271.3142980112101
77.10383333617418 301.9793343102766
16.18656023724683 260.9794525377614
70.84601528394852 278.8142986818535
46.11464903213996 283.4272057444951
744.9746949435751 610.5573016067411
799.278446998503 557.3823845860694
755.8105298057454 616.9948012097142
778.3360816648155 577.722793318496
820.0850895297186 603.6787504288533
776.9182898410415 552.8435848719049
767.8093866863633 555.35382071349
838.8581155395432 632.4756195220643
763.4530002177457 533.8679033957683
775.0313940184777 560.747877078515
771.780788708136 609.1157145769999
786.9056790499419 547.075934932884
798.5455919308358 566.3688291921834
780.779775199226 589.8850818078183
768.7208652068705 583.3163801417065
769.0036325167898 565.5327764414777
767.7311586603789 574.8884177302235
802.705069014529 535.5246736217671
744.118140481989 564.4010733976226
788.1288027347771 576.9723160317762
773.1952021039777 583.8572103165312
792.0213109547383 620.1617596916346
825.139266173701 594.4218988847048
788.912195669364 599.006382102095
766.8985672673093 529.9644228604689
793.9234966480229 545.514990846244
777.6584075095926 591.3787249779487
796.6205291294924 534.1444436385231
780.6958099456969 573.7073120255612
826.8684184525708 555.1756977230436
788.0126108906459 584.8325874446167
772.8802355057481 586.4621186488936
757.9948895107215 547.6302506927721
772.4527884198618 553.3058927456259
755.6407739054529 564.8691928146274
797.1189097021995 568.8486351513253
807.1116006220891 594.045625979384
800.1330822033556 616.6572851413177
799.901306931873 574.5442053811427
763.8716332494109 572.2558145555715
764.7205798007953 575.4286086717624
830.2204951263033 581.183375963964
749.9514392050077 556.4354563681151
747.5310827720724 581.6741290688446
785.6038801047257 543.0546520621376
772.4334303547048 557.187661646135
848.868067861422 546.5155713119134
787.3557331081797 608.5820924189284
742.1212257561681 567.4087775096763
764.2900604783832 550.5097149002379
605.3538028618964 467.1086079201059
601.1131011182091 477.4648108124491
565.52767895665 459.0095463551875
564.4668794737505 501.6624198655833
553.5472788565116 471.2521649721442
572.521818614088 492.3868644729334
594.6778298573919 499.7443317793748
616.8314419178217 503.5338172780536
561.7378515744895 455.806502424103
548.386333405041 457.4844432875043
561.7354656599219 450.0052457608401
595.2525922889656 486.363448443012
582.3311536657425 483.4977556561628
608.0500357897863 504.9735894404485
594.8879604027428 466.3946520981914
563.9553972544646 463.9107528861207
567.132831586723 432.2313514840687
605.2025946819615 461.197435108479
591.7222135761567 477.1233751637974
617.7960779035061 473.4786301859701
607.7441719987069 464.2678636459127
593.2923839150616 446.9741420606269
639.6341274975351 516.4915811452827
597.591319788188 444.7505747368394
599.019222257687 461.2226213788255
595.4327989101755 442.9562416487036
605.4453398263687 492.3174618576954
574.4084207273389 484.5105572340482
565.9173982462637 499.062445730515
583.8728917984912 473.1525881803844
552.6445516009613 462.82920738456
579.5017888484095 511.828509024014
581.6302976594428 478.6867954835428
595.9275113449826 485.3769529418137
643.7019204012864 492.4811406675644
590.7319904632708 450.9395721747073
592.896202379315 513.4191054360779
567.9819182164575 448.4749428270935
544.4540733027825 457.7554571505946
572.6232134073335 439.1847079068608
567.6590966655 440.2028637646072
607.7984437625493 499.6572308070362
604.9624152986819 469.7731395172648
568.1456531217344 428.9518891416936
605.7449335110902 430.3214344369164
541.172385040476 471.3687739859058
598.1356762936225 445.4319645698917
639.5815099098277 497.6746592209456
584.3012630238995 493.9018590002261
599.8624430933259 476.9012621832258
160.0824880737666 578.280806625095
154.0067794550856 615.0518906122215
173.0192533048673 580.8335316745699
150.0343847369689 620.3469396176977
169.9898801436872 611.5804804409654
163.5954458760339 607.9845901835965
198.9099602331929 584.7944009273843
143.9273960193984 576.0601280163205
118.9641232955265 577.8475455516741
118.9378622691162 613.8733602971243
128.3314242443258 628.6781840812417
188.9261407437977 578.538885395061
181.1239220065777 585.329805290484
163.720832778997 613.2194344214229
177.8751871230317 616.6758974175386
166.158966249559 626.1373389617111
155.2182793321298 600.8613921669819
136.133436194465 589.9161622270675
144.4895299486076 607.9508728518621
151.9348915735503 579.7574665874847
191.7196853629021 614.362699067317
93.41679360964093 550.0337746728835
155.1383702267271 614.0519987526347
144.1328705180365 577.7391501509359
156.2048654139766 559.5936052979937
154.1499971142077 611.9430279769143
147.0264918730629 630.0576655394437
124.9383860802265 550.8192672890798
120.1193252791037 614.5463998939489
141.2955456148586 601.0679419367661
120.5830023851137 576.1241180243982
150.007015435865 570.2262062657919
159.5530431176838 553.5904498309401
131.2687440849444 618.7177323165891
153.9318815037185 577.7982359119153
130.903752069478 571.7642131995423
125.0189934717577 596.0429063491807
164.0823503725302 561.0053468888567
130.3478560020122 622.4345997581557
135.0140559056215 570.2697207450478
201.4720022598332 596.431021971103
147.0737006014459 597.6499500548714
124.7401705865583 584.9756244213554
106.5136339607346 591.4148624283697
142.4730912691027 603.9097757388524
176.4617065258397 604.6552838152136
107.5256248131527 577.0655025107061
83.71556564813979 603.4991327764114
183.47781347581 593.4605187415801
173.5685281426269 588.9451832333527
791.8531813853933 306.7917699499138
719.0124887368563 306.0676176342113
720.2803025899826 313.8502156931349
767.3092240859553 390.611348274389
729.9824523365344 292.4642243358131
738.0222440352662 269.6704042839865
717.3638835301364 277.1307689256011
734.9582306104637 333.3897706373555
736.7842220964039 332.1111333055052
781.3118285790035 292.1230588738099
734.9968231374014 373.7062735277857
688.2852243679355 321.4990883777832
734.9946963762925 330.3970703238269
717.2637996207152 325.6914130395743
742.4632455672711 303.6222366242503
763.5198214928475 377.2842851999566
703.1770958404534 316.9569936130744
731.6120509261407 347.9172257289797
716.2272851201005 320.6414084944518
715.4594868545943 392.3046161949402
740.838783000666 368.345048146293
715.4879641645562 357.5432640461229
701.7084241519254 379.7995883213799
706.1736011188177 374.4123611909113
786.4815480704352 340.3302294913813
668.8257845131185 321.8581838818419
766.9368234753969 316.3371103072259
740.6980474693963 314.6415520768062
732.4385333623061 332.9046900815965
737.3916090322355 330.7799468333547
729.8167277932562 357.5280997624745
722.3607123814004 347.3810891419554
713.9671137446045 278.6690914714131
751.6389590173437 349.6839473648863
733.2950644117135 311.992000479647
720.60027496109 313.5694932116286
735.8247601968592 291.3395337186711
700.7778592663346 320.5331560672416
724.8643943842937 374.830947283979
721.7422418264059 374.3015685074928
778.2429258604941 305.4337613529441
733.4950810605742 351.3132266032898
715.5534461746081 371.9650713765124
766.9915145363094 348.5688949934015
748.6800241254872 348.8107295280075
782.2782145290072 316.3162976505388
743.2203162380069 331.0606711022211
716.787529509548 325.8009679039076
736.7775702464149 329.0745456997244
724.501318098198 323.865506658887
131.157957240624 997.8417965426621
153.9986642704205 921.1788080460276
189.9927677460564 945.4651224784608
152.2778463246162 962.0458556737959
166.2617233068095 934.3377109827949
87.82586899380007 924.72861194515
117.0914663385767 917.0616998625085
163.3560139746366 911.880883271115
134.9436495313947 931.4780316786488
131.0019544479926 873.5722713152998
135.9095136752468 962.3961669165426
193.9968082830629 983.9384239702315
116.2918746459772 966.3287595192528
92.53456205529619 975.5339122120494
125.318084420588 934.3026815344513
150.0835063970144 939.8195460914567
140.7326252320524 942.8723528488406
139.4490432967867 935.883853131171
145.977031249279 928.8749592542398
159.3485225880174 940.9787898049314
144.5104355219277 932.5562328917302
172.5570041591727 948.3812536509628
120.156240452373 929.2934887158352
183.8989734945021 992.3754682006912
127.6496187055648 905.0729382941838
131.1339781654277 917.7068118388041
117.8205993307702 941.7703022939055
106.4375205821869 966.2128900017124
119.2425668069435 890.6965007137525
151.8087867021951 968.5951522699828
56.58975899527448 921.495146629779
175.1036359547619 908.586695977689
105.862547424593 939.8069327779043
145.5792189450786 968.9085500687372
122.3140702698355 943.1749925465576
149.2420580488164 949.8345045923372
143.649501187608 903.0630905933207
149.5767368667007 925.2919541578574
191.6900911866363 986.6661544258877
118.761044494399 948.8561882073616
113.8908390928413 941.4440127349619
183.5316272316537 955.6649213466717
118.0046305001235 968.4267421628325
171.6729227614552 900.4587773566869
142.9082688427678 943.3233202278375
104.6586861697179 974.9964882628975
145.039513948237 959.738583143292
158.8039783165577 921.4534378805664
147.360848048922 908.7103283885285
155.7855631080957 974.7173767027544
